1100886543454142466
1100850535329161217
1100820814717505536
1100112155582623744
1100110370369355776
1100081842114445313
1100042077361061888
1099721344743297024
1099720854064254976
1099073697867096064
1098941372604841985
1098941133747638272
1098861193186418688
1098681777638526978
1097938852273160203
1097938298666811392
1097932499538325504
1097875339643101184
1097873249864687618
1097873112731930624
1097871856810553344
1097871174103719936
1097870975285243904
1097838368283611136
1097780757664329728
1097776067446743044
1097835547870011394
